0.000144 |0.000110 |0.000113 |0.000358 |0.002832 |0.027256 |0.274459 |2.705177 |
0.000141 |0.000159 |0.000200 |0.000306 |0.001578 |0.013813 |0.137902 |1.373180 |
0.000273 |0.000208 |0.000791 |0.000208 |0.001267 |0.015852 |0.092462 |0.965449 |
0.001077 |0.000755 |0.000316 |0.000432 |0.001035 |0.011253 |0.126613 |1.035324 |
0.000263 |0.000796 |0.001149 |0.000362 |0.001287 |0.011098 |0.085468 |0.830892 |
0.000882 |0.000811 |0.000832 |0.000980 |0.001222 |0.010336 |0.087649 |0.733102 |
0.000985 |0.000928 |0.000820 |0.001089 |0.001217 |0.008202 |0.071277 |0.766947 |
0.000986 |0.000941 |0.000908 |0.001100 |0.000957 |0.007923 |0.086252 |0.710164 |
0.001466 |0.001111 |0.000991 |0.001173 |0.001237 |0.009481 |0.075430 |0.764753 |
0.001442 |0.001132 |0.001734 |0.001223 |0.001263 |0.008942 |0.090255 |0.692030 |
0.000107 |0.000118 |0.000174 |0.000930 |0.008488 |0.084014 |0.833481 |8.357211 |
0.000158 |0.000179 |0.000128 |0.000607 |0.004409 |0.043758 |0.442687 |4.217459 |
0.000740 |0.000254 |0.000322 |0.000490 |0.003431 |0.031869 |0.281894 |2.836350 |
0.000292 |0.000772 |0.001242 |0.000689 |0.002780 |0.027112 |0.221416 |2.269708 |
0.000343 |0.000923 |0.000409 |0.000629 |0.003568 |0.026434 |0.253076 |2.315454 |
0.001184 |0.000351 |0.000954 |0.000448 |0.003003 |0.024854 |0.211420 |2.240008 |
0.001128 |0.000937 |0.000697 |0.000469 |0.002667 |0.023410 |0.214304 |2.186562 |
0.001032 |0.000923 |0.000929 |0.000707 |0.002962 |0.021906 |0.214381 |2.117548 |
0.001139 |0.001062 |0.000996 |0.001313 |0.003012 |0.024497 |0.219601 |2.179426 |
0.001204 |0.001209 |0.001223 |0.001044 |0.002821 |0.025654 |0.214633 |2.194929 |
